-2.712
-1.976
-2.597
-1.248
-2.56
-2.18
-2.679
-2.613
-1.93
-3.571
-1.958
-543
-1.77
-1.79
-2.78
-2.804
-2.233
-0.4
-2.931
-2.916
-3.477
-2.285
-2.472
-2.14
-2.103
-3.452
-3.249
-2.33
-2.467
-2.982
-2.56
-2.931
-2.513
-2.636
-3.492
-1.976
-2.829
-3.424
-2.334
-2.639
-2.712
-563
-2.444
-2.896
-2.529
-3.197
-2.403
-2.532
-1.252
-2.968
-3.449
-2.999
-2.64
-1.564
-1.452
-2.817
-1.871
-3.03
-2.333
-2.774
-2.674
-738
-2.37
-2.484
-2.835
-3.426
-2.712
